105.272
21.8432
106.915
102.273
102.1
105.865
28.3632
105.871
22.1709
106.311
103.531
23.3188
102.797
22.1576
24.53
106.075
16.4802
16.7668
106.977
15.9322
15.4072
107.79
17.3376
110.026
24.4587
108.8
23.7942
106.137
24.2491
109.537
24.3373
104.756
23.4387
106.14
22.7766
103.958
107.389
106.835
17.0824
24.0636
105.347
26.4586
108.058
27.3644
104.412
26.7555
109.164
25.0407
104.121
107.379
15.936
17.2494
105.286
17.0832
18.7927
106.309
17.6941
17.5972
104.011
29.7655
108.31
105.711
25.0815
25.123
24.1209
105.92
24.092
105.346
105.879
25.5026
109.498
24.3959
25.6152
104.139
24.9388
109.444
22.994
114.581
105.935
23.9608
102.056
23.1182
109.449
24.7401
23.8003
105.358
23.6392
102.848
23.6978
102.119
24.297
23.9523
102.247
23.2535
23.0377
23.1519
107.955
106.687
105.305
22.1908
22.9795
105.57
23.1633
24.5602
30.9166
102.557
106.406
107.72
23.6508
103.959
24.9514
108.806
24.9629
26.5202
102.656
26.859
109.899
27.1291
23.5389
27.1411
25.1703
33.0694
25.8986
105.224
34.8197
106.409
32.9232
107.774
25.0793
23.8324
25.1107
106.445
24.8378
24.8795
24.9699
25.8369
25.8601
103.182
25.8949
26.9233
24.5256
30.6877
104.73
24.784
24.995
27.2339
25.8577
26.6221
107.82
24.8788
27.0968
104.299
25.402
24.4867
24.7396
24.7157
24.4503
26.3963
23.3417
23.5331
25.9518
23.5686
26.627
24.1907
46.7282
27.2951
24.8698
25.8021
24.8958
25.3253
106.115
27.0699
25.3237
25.4851
106.222
25.7648
25.5249
25.8024
25.6101
27.4669
109.365
23.8518
25.03
24.7623
26.288
25.1256
24.5337
23.9945
25.4831
102.979
25.885
29.7848
26.4048
27.9513
26.2153
25.3559
27.693
24.6447
106.601
23.5863
26.8308
25.6026
105.54
24.8989
26.7733
105.847
25.9429
27.6698
109.644
25.282
28.4397
25.953
106.681
25.5953
27.7363
24.9294
108.234
106.15
26.0511
24.3235
26.6553
25.0502
25.8371
24.7666
106.358
26.2685
108.143
23.6766
24.9435
103.583
23.8594
27.4106
26.091
25.718
110.219
24.947
33.0099
33.5023
42.2967
25.8853
25.7031
104.397
27.6245
25.4953
25.6784
25.172
25.6393
24.7226
26.1445
24.333
25.1712
25.4688
108.325
26.443
26.3022
26.7328
107.271
25.4
24.1445
23.8913
24.9732
23.9325
108.037
22.5406
23.6797
23.6673
108.407
21.8408
106.139
23.9505
21.4348
21.3082
102.27
19.6382
19.6143
105.758
25.3532
23.0437
21.6068
21.4874
107.725
22.8763
21.1722
106.471
23.4566
25.6121
23.1243
107.953
24.7896
22.9671
107.562
27.1155
31.2439
24.6148
23.9036
23.475
22.6457
25.1274
108.188
22.5856
23.4479
21.1883
21.7806
23.7108
24.2879
24.6624
25.1998
24.8387
22.3815
103.328
20.6261
22.6961
106.682
20.5649
23.8989
103.86
108.186
20.1271
22.0336
27.9688
103.419
22.2608
20.4363
108.676
21.5433
23.3591
22.2499
22.8586
104.439
31.0919
23.2801
22.2288
108.356
22.788
23.1061
22.4732
25.4208
23.3248
25.3164
25.0013
103.848
23.5066
107.224
23.5389
23.7763
23.8406
24.5444
24.7513
26.4241
24.1319
27.3849
26.5288
102.742
26.177
24.674
26.9353
25.1715
25.9106
107.62
24.6013
22.3409
105.908
24.3869
23.114
106.193
23.3258
23.8914
109.267
23.0933
23.5161
103.452
23.0794
104.506
25.9052
22.8037
23.4335
103.532
22.2304
22.0958
22.634
22.2705
104.118
23.5315
109.825
25.2175
104.189
21.2666
21.1088
25.038
107.268
25.1894
108.927
28.8498
39.5187
22.0475
105.372
22.9907
24.521
22.6575
22.1223
22.365
22.0129
23.1757
21.8145
22.5599
22.1637
21.9014
112.739
24.9177
25.6713
23.5261
29.8043
23.7188
21.9771
25.6981
21.9763
22.4663
25.1966
24.2713
26.7645
25.5641
24.5516
25.7265
24.7987
25.1548
24.5967
24.3873
25.5184
24.4754
24.6143
25.7266
25.2932
28.1364
25.4006
25.1819
26.8389
26.3998
25.2171
25.0902
91.9141
26.5197
27.0417
22.9368
23.7304
24.1368
25.1247
28.7711
25.4263
25.7641
25.0018
27.1611
25.6238
25.5988
28.129
26.6714
28.7544
25.9176
26.2131
26.4429
25.538
25.9035
30.9641
25.9752
24.6229
24.1397
26.141
25.8245
24.8621
25.1747
26.2683
25.3237
25.8229
25.4346
25.4769
26.1088
26.7951
26.0387
25.7882
27.0228
27.0302
28.6803
25.7349
25.9794
27.048
25.9851
29.6328
27.5965
28.2358
26.7278
26.2825
26.5458
26.8787
26.7308
28.744
27.2399
27.0111
29.255
26.99
28.1245
28.7833
27.9828
27.5622
26.429
30.3294
26.4759
27.3562
26.5624
25.892
27.8586
27.5946
27.4019
28.9678
27.2087
28.2864
30.3879
28.3441
27.1637
28.4282
26.9325
26.6095
29.4627
27.6511
28.6301
32.4253
28.9505
34.0533
32.721
29.4581
31.6384
30.2597
31.1792
30.6093
30.3895
30.7361
31.4771
28.2862
28.2535
29.3307
29.6325
29.8479
27.6976
32.4362
29.0667
28.5251
29.1301
29.1908
28.0243
29.3107
29.7856
29.1873
30.9245
29.4521
29.7597
33.1639
30.4464
30.4915
34.7962
29.8919
29.689
29.1496
31.7084
29.1066
29.5113
30.2124
30.9975
29.6291
30.5687
30.2226
32.3135
36.9437
32.3908
32.9939
33.5518
34.3541
32.5798
36.7526
33.3247
33.0863
35.6182
33.8781
33.336
36.4779
33.1544
32.6986
36.926
