0 4.78221 -1.81479 0.857671
0.0539999 4.78075 -1.81319 0.874624
0.0999999 4.77912 -1.81202 0.891923
0.15 4.77876 -1.81101 0.911809
0.201 4.77732 -1.80985 0.931869
0.251 4.77684 -1.80878 0.951899
0.302 4.77821 -1.80836 0.972187
0.398 4.77925 -1.8078 1.01029
0.454 4.77922 -1.8077 1.03094
0.498 4.77869 -1.80773 1.04782
0.552 4.77796 -1.80812 1.06471
0.601 4.77881 -1.80928 1.07914
0.653 4.77929 -1.81034 1.08926
0.749 4.78234 -1.81208 1.09503
0.798 4.78394 -1.81269 1.09124
1.299 4.77723 -1.82094 0.895288
1.401 4.77547 -1.82293 0.846698
1.453 4.77425 -1.82401 0.825349
1.502 4.77792 -1.82711 0.806466
1.55 4.77824 -1.82855 0.790349
1.6 4.77787 -1.82969 0.776358
1.65 4.77716 -1.83045 0.766557
1.699 4.77639 -1.83091 0.762693
1.75 4.77688 -1.83143 0.76714
2.001 4.75347 -1.8253 0.899622
2.25 4.7593 -1.83258 1.08057
2.348 4.76017 -1.83146 1.13822
2.401 4.76129 -1.83037 1.16248
2.449 4.76292 -1.82979 1.18286
2.499 4.76597 -1.82983 1.19703
2.552 4.76929 -1.83066 1.20373
3.049 4.78005 -1.82419 0.955956
3.152 4.7815 -1.82543 0.891418
3.249 4.77754 -1.82639 0.839981
3.302 4.77743 -1.82776 0.819805
3.351 4.77636 -1.82858 0.807076
3.4 4.77805 -1.83066 0.801867
4 4.76829 -1.82848 1.11763
4.051 4.76653 -1.8255 1.14972
4.098 4.76808 -1.82365 1.1767
4.15 4.77015 -1.8225 1.20176
4.201 4.77255 -1.82196 1.22035
4.253 4.77447 -1.82146 1.23178
4.3 4.77582 -1.82124 1.2352
4.851 4.77524 -1.81308 0.942866
4.95 4.77506 -1.81133 0.883372
4.999 4.77413 -1.81072 0.85822
5.05 4.77488 -1.81144 0.834181
5.102 4.775 -1.81227 0.814401
5.15 4.77564 -1.81346 0.799624
5.2 4.77783 -1.81539 0.790185
5.251 4.77896 -1.81695 0.787218
5.898 4.75541 -1.81198 1.14715
5.998 4.75652 -1.8135 1.20327
6.052 4.75858 -1.8146 1.22675
6.1 4.76019 -1.81559 1.24318
6.151 4.76141 -1.81652 1.2526
6.202 4.76135 -1.81693 1.25456
6.699 4.76086 -1.80833 1.04344
6.799 4.76319 -1.80515 1.00105
6.85 4.76715 -1.80441 0.985147
6.899 4.77222 -1.80466 0.973412
6.948 4.77477 -1.80412 0.965464
6.999 4.7785 -1.80425 0.96088
7.05 4.7825 -1.80449 0.959053
7.1 4.78652 -1.80535 0.959411
7.152 4.78768 -1.80557 0.960953
7.201 4.78771 -1.80614 0.963067
7.251 4.78711 -1.80833 0.965088
7.3 4.78611 -1.8092 0.968755
7.351 4.78472 -1.81113 0.9725
7.4 4.78433 -1.81311 0.975747
7.499 4.787 -1.81606 0.980881
7.55 4.78913 -1.81667 0.982874
7.599 4.79231 -1.81724 0.984516
7.649 4.79469 -1.81709 0.986042
7.698 4.79831 -1.81653 0.98783
7.75 4.80139 -1.8147 0.990079
7.798 4.80483 -1.81192 0.992368
7.849 4.80774 -1.80777 0.994974
7.898 4.81051 -1.80376 0.996731
7.999 4.81315 -1.79436 0.998627
8.051 4.81326 -1.79108 0.998294
8.101 4.81276 -1.7894 0.997724
8.153 4.80935 -1.78699 0.997567
8.253 4.80528 -1.78352 0.997602
8.301 4.80301 -1.78104 0.997839
8.353 4.80122 -1.77715 0.997664
8.401 4.79991 -1.77193 0.997395
8.452 4.79931 -1.76466 0.996782
8.553 4.79603 -1.7442 0.996254
8.598 4.7968 -1.73315 0.995884
8.653 4.79972 -1.7189 0.995318
8.75 4.80534 -1.68795 0.995044
8.849 4.81423 -1.65342 0.995845
8.901 4.81686 -1.63361 0.996981
8.999 4.82664 -1.59847 0.998096
9.05 4.83145 -1.58047 0.997553
9.1 4.83584 -1.56332 0.996339
9.149 4.83969 -1.54754 0.994704
9.199 4.84325 -1.53238 0.992743
9.253 4.8456 -1.51751 0.990623
9.302 4.84898 -1.50577 0.987928
9.352 4.85191 -1.49545 0.985481
9.454 4.856 -1.48065 0.98127
9.502 4.85806 -1.47679 0.979724
9.599 4.86042 -1.47524 0.977691
9.653 4.86071 -1.4776 0.977332
9.75 4.85878 -1.48822 0.979797
9.799 4.85749 -1.49657 0.981813
9.85 4.85552 -1.50697 0.983645
9.899 4.85406 -1.5188 0.984825
9.95 4.85099 -1.53216 0.985514
10 4.84843 -1.54692 0.985667
10.051 4.84522 -1.56357 0.985837
10.101 4.84066 -1.58112 0.986683
10.199 4.83247 -1.61969 0.989866
10.25 4.82845 -1.64181 0.992362
10.3 4.82427 -1.66416 0.995122
10.348 4.81934 -1.68539 0.998105
10.398 4.81493 -1.70778 1.00077
10.499 4.80282 -1.7544 1.00472
10.549 4.7955 -1.77743 1.00552
10.6 4.78893 -1.8009 1.00596
10.651 4.78226 -1.82427 1.00631
10.699 4.77571 -1.84692 1.00627
10.748 4.77283 -1.87078 1.0057
10.8 4.76594 -1.89366 1.00547
10.851 4.75987 -1.91685 1.00511
10.9 4.75441 -1.93818 1.00445
10.951 4.74833 -1.96059 1.00308
10.999 4.74265 -1.9815 1.00064
11.051 4.73765 -1.99825 0.999195
11.102 4.73379 -2.01453 0.997007
11.151 4.72945 -2.0292 0.9946
11.251 4.72421 -2.05358 0.992842
11.3 4.7226 -2.06233 0.993002
11.351 4.72217 -2.06847 0.993513
11.399 4.7221 -2.07133 0.994371
11.451 4.72414 -2.07191 0.995287
11.601 4.73438 -2.05677 0.998508
11.651 4.73845 -2.04526 1.00023
11.703 4.74421 -2.03231 1.002
11.752 4.75159 -2.018 1.00373
11.8 4.75759 -2.00162 1.00542
11.898 4.77065 -1.96546 1.00713
11.953 4.77795 -1.9448 1.00643
11.998 4.78408 -1.92422 1.00613
12.049 4.79006 -1.90084 1.00501
12.099 4.7968 -1.87798 1.00388
12.151 4.80062 -1.85399 1.00279
12.252 4.81363 -1.80781 1.00005
12.299 4.81831 -1.78638 0.999111
12.352 4.82422 -1.76424 0.998107
12.4 4.82821 -1.7441 0.996992
12.451 4.83269 -1.72508 0.994937
12.502 4.83343 -1.70731 0.992671
12.553 4.83719 -1.69268 0.989581
12.651 4.84017 -1.66944 0.981779
12.698 4.84069 -1.66053 0.977847
12.75 4.84182 -1.65276 0.973507
12.799 4.84142 -1.6464 0.969462
12.85 4.8414 -1.64217 0.965867
12.9 4.84092 -1.63962 0.963312
13 4.84067 -1.63654 0.961291
13.052 4.84025 -1.63459 0.961124
13.098 4.83811 -1.63158 0.961351
13.149 4.8364 -1.62722 0.961398
13.198 4.83322 -1.62089 0.961355
13.249 4.82945 -1.61293 0.960762
13.299 4.81549 -1.60081 0.960907
13.35 4.80917 -1.59077 0.95992
13.4 4.80091 -1.58026 0.959198
13.501 4.78266 -1.56116 0.957729
13.55 4.77242 -1.55344 0.957131
13.601 4.76063 -1.54731 0.956876
13.651 4.73385 -1.5392 0.958665
13.753 4.70351 -1.53834 0.959175
13.802 4.68752 -1.54179 0.958891
13.852 4.67167 -1.54781 0.958081
13.901 4.65622 -1.5557 0.957265
13.952 4.63874 -1.56645 0.956587
13.999 4.61355 -1.57512 0.957225
14.053 4.59956 -1.59355 0.955507
14.099 4.58825 -1.6132 0.953896
14.199 4.56998 -1.66084 0.952438
14.25 4.56453 -1.69023 0.952254
14.3 4.56068 -1.72084 0.952875
14.351 4.57274 -1.75691 0.952476
14.45 4.5831 -1.81706 0.955385
14.499 4.59084 -1.84427 0.956983
14.549 4.60357 -1.86941 0.957836
14.598 4.61845 -1.89151 0.957768
14.65 4.63414 -1.90879 0.957325
14.699 4.65243 -1.92203 0.955797
14.748 4.69065 -1.93897 0.951543
14.801 4.70751 -1.94223 0.949054
14.949 4.7994 -1.94543 0.937554
15.051 4.82324 -1.91538 0.936358
15.1 4.84382 -1.9015 0.936008
15.15 4.86434 -1.8849 0.936163
15.199 4.88233 -1.86639 0.936916
15.251 4.90066 -1.84663 0.937504
15.299 4.91492 -1.82586 0.937973
15.348 4.92219 -1.80041 0.93816
15.4 4.92691 -1.77249 0.937702
15.45 4.92825 -1.74451 0.936775
15.501 4.92658 -1.71552 0.935702
15.553 4.92296 -1.6856 0.934671
15.6 4.91583 -1.65614 0.933481
15.651 4.89031 -1.6217 0.934248
15.751 4.86533 -1.57103 0.931887
15.8 4.85023 -1.55193 0.931019
15.851 4.8334 -1.53813 0.930099
15.898 4.81547 -1.53106 0.929174
15.95 4.79548 -1.53011 0.927289
16.1 4.70886 -1.5574 0.92318
16.25 4.66097 -1.64555 0.917281
16.35 4.63223 -1.71197 0.913644
16.4 4.62322 -1.74454 0.913043
16.452 4.62051 -1.77662 0.911558
16.498 4.61984 -1.80321 0.910868
16.552 4.62093 -1.82789 0.910603
16.602 4.6276 -1.84646 0.910341
16.652 4.63655 -1.85933 0.910322
16.699 4.64809 -1.86563 0.910034
16.898 4.76417 -1.85642 0.900111
17.051 4.79987 -1.78967 0.895948
17.101 4.8285 -1.77195 0.892195
17.153 4.85006 -1.75325 0.890227
17.201 4.87104 -1.73895 0.888538
17.251 4.88989 -1.72769 0.887655
17.302 4.90783 -1.72204 0.887178
17.351 4.92284 -1.72208 0.887911
17.401 4.93767 -1.72907 0.889586
17.452 4.94864 -1.74175 0.893513
17.699 5.00597 -1.85615 0.922506
17.75 5.02628 -1.88348 0.926367
17.8 5.02954 -1.90175 0.930467
17.852 5.03244 -1.91766 0.933455
17.901 5.03377 -1.92864 0.934668
17.952 5.03235 -1.93521 0.934909
18.002 5.02832 -1.93698 0.933866
18.05 5.02158 -1.93447 0.932444
18.102 5.01197 -1.92803 0.930371
18.153 4.98081 -1.91092 0.930116
18.25 4.94142 -1.88024 0.925671
18.299 4.91813 -1.86163 0.923743
18.35 4.89509 -1.8424 0.922192
18.401 4.87127 -1.82282 0.922147
18.451 4.84811 -1.80468 0.923331
18.5 4.79098 -1.77521 0.928487
18.551 4.76599 -1.75919 0.9302
18.599 4.74205 -1.74596 0.931367
18.701 4.69305 -1.72508 0.932604
18.798 4.65852 -1.71941 0.931412
18.849 4.63999 -1.71999 0.93085
18.899 4.63557 -1.72842 0.929055
18.949 4.63442 -1.73971 0.927895
18.999 4.63704 -1.75248 0.927083
19.049 4.64368 -1.76597 0.92631
19.099 4.65264 -1.77898 0.925652
19.148 4.66307 -1.79092 0.924972
19.249 4.71155 -1.82029 0.919978
19.299 4.72743 -1.82875 0.917778
19.352 4.74373 -1.8358 0.914486
19.401 4.7586 -1.84056 0.909988
19.452 4.77173 -1.84382 0.904185
19.502 4.78166 -1.84412 0.89822
19.552 4.79537 -1.84518 0.890403
19.6 4.79807 -1.84134 0.883154
19.702 4.79368 -1.82794 0.867992
19.751 4.78653 -1.81882 0.861136
19.799 4.77833 -1.80959 0.854221
19.851 4.76917 -1.79958 0.846219
19.898 4.75778 -1.78967 0.838152
19.999 4.72687 -1.76682 0.818044
20.05 4.7175 -1.75807 0.805313
20.1 4.70873 -1.75042 0.792391
20.15 4.69969 -1.74343 0.779586
20.198 4.69328 -1.73811 0.767198
20.25 4.68624 -1.73221 0.756574
20.301 4.67856 -1.72596 0.748016
20.35 4.6765 -1.72229 0.7402
20.451 4.67179 -1.71726 0.726501
20.501 4.66936 -1.71522 0.720353
20.598 4.66286 -1.71315 0.709273
20.65 4.65895 -1.71263 0.704191
20.75 4.65074 -1.71058 0.695979
20.8 4.64924 -1.70984 0.691971
20.851 4.64772 -1.7091 0.687873
20.9 4.64769 -1.70786 0.68515
20.949 4.64981 -1.70734 0.683782
20.998 4.65377 -1.70762 0.682359
21.051 4.65577 -1.70739 0.680953
21.1 4.657 -1.7067 0.680412
21.199 4.65726 -1.70557 0.6795
21.249 4.6576 -1.70403 0.67826
21.3 4.6588 -1.70356 0.677958
21.351 4.65889 -1.70327 0.677878
21.399 4.65884 -1.70335 0.677744
21.501 4.65982 -1.70349 0.677441
21.599 4.6598 -1.70351 0.677433
21.65 4.65982 -1.70347 0.677424
21.701 4.65984 -1.70343 0.677464
21.75 4.65983 -1.70344 0.677453
21.801 4.65984 -1.70342 0.67744
21.902 4.65983 -1.70345 0.67746
21.953 4.65985 -1.7034 0.677447
21.999 4.65985 -1.70339 0.677453
22.05 4.65985 -1.7034 0.677431
22.099 4.65983 -1.70343 0.677413
22.152 4.65984 -1.70342 0.677458
22.252 4.65981 -1.70349 0.677433
22.301 4.65984 -1.70344 0.677455
22.351 4.65985 -1.7034 0.677456
22.401 4.65984 -1.70346 0.6775
22.501 4.65984 -1.70344 0.677472
22.552 4.65984 -1.70342 0.677453
22.601 4.65982 -1.70348 0.677452
22.651 4.65889 -1.70318 0.677658
22.698 4.65891 -1.70311 0.677641
22.749 4.65888 -1.7032 0.677676
22.798 4.65892 -1.70309 0.67764
22.85 4.65983 -1.70349 0.67751
22.95 4.65892 -1.7031 0.677665
22.999 4.65982 -1.70352 0.677523
23.05 4.6589 -1.70313 0.677646
23.1 4.6589 -1.70314 0.677639
23.151 4.6589 -1.70313 0.67765
23.248 4.65892 -1.70309 0.67767
23.298 4.65891 -1.70313 0.677659
23.348 4.6589 -1.70314 0.677637
23.398 4.65891 -1.70313 0.67766
23.451 4.6589 -1.70313 0.677662
23.498 4.65893 -1.70306 0.67768
23.55 4.65892 -1.7031 0.677688
23.599 4.65984 -1.70344 0.677487
23.699 4.65891 -1.7031 0.67765
23.75 4.65892 -1.7031 0.67765
23.803 4.65894 -1.70305 0.677688
23.852 4.65893 -1.70306 0.677665
23.953 4.65894 -1.70305 0.677687
24.001 4.65892 -1.70311 0.677689
24.052 4.65893 -1.70308 0.677675
24.102 4.65893 -1.70307 0.677698
24.15 4.65986 -1.70344 0.67757
24.251 4.65984 -1.70345 0.677502
24.35 4.65894 -1.70305 0.677694
24.4 4.65894 -1.70306 0.677744
24.452 4.65987 -1.7034 0.677561
24.503 4.65894 -1.70307 0.677722
24.553 4.65894 -1.70309 0.677766
24.6 4.65894 -1.70308 0.677733
24.701 4.65895 -1.70306 0.677757
24.8 4.65894 -1.70307 0.67771
24.851 4.65894 -1.70307 0.677719
24.899 4.65895 -1.70306 0.677758
24.95 4.65988 -1.70341 0.677643
25 4.65894 -1.70307 0.677753
25.051 4.65894 -1.70308 0.677745
25.1 4.65896 -1.70307 0.677826
25.15 4.65893 -1.7031 0.677717
25.249 4.65893 -1.70311 0.677741
25.299 4.65986 -1.70344 0.677607
25.35 4.65897 -1.70303 0.677822
25.4 4.65986 -1.70341 0.677555
25.45 4.65893 -1.70308 0.677715
25.5 4.65897 -1.70304 0.677811
25.549 4.65892 -1.70312 0.677706
25.6 4.65897 -1.70302 0.677785
25.65 4.65895 -1.70307 0.677782
25.752 4.65894 -1.70307 0.677735
25.8 4.65893 -1.70309 0.677719
25.852 4.65895 -1.70303 0.677717
25.902 4.65895 -1.70307 0.677782
26.002 4.65895 -1.70304 0.677725
26.053 4.65894 -1.70307 0.677724
26.102 4.65988 -1.70338 0.677571
26.152 4.65895 -1.70303 0.677736
26.2 4.65894 -1.70306 0.677735
26.25 4.65988 -1.70339 0.677604
26.3 4.65895 -1.70304 0.677733
26.35 4.65895 -1.70304 0.67775
26.4 4.65894 -1.70306 0.677703
26.499 4.65897 -1.70302 0.677784
26.55 4.65988 -1.70337 0.677555
26.6 4.65895 -1.70303 0.677691
26.651 4.65895 -1.70306 0.677781
26.751 4.65895 -1.70306 0.677779
26.801 4.65895 -1.70304 0.67775
26.85 4.65891 -1.70313 0.677669
26.902 4.65896 -1.70303 0.677758
26.951 4.65986 -1.70342 0.677572
26.999 4.65893 -1.7031 0.677723
27.052 4.65894 -1.70309 0.677768
27.102 4.65893 -1.70307 0.677698
27.198 4.65893 -1.70308 0.677713
27.249 4.65986 -1.70342 0.677546
27.3 4.65895 -1.70305 0.677735
27.35 4.65895 -1.70306 0.677761
27.4 4.65987 -1.7034 0.677545
27.5 4.65893 -1.70309 0.67771
27.55 4.65987 -1.70341 0.677593
27.599 4.65895 -1.70305 0.677742
27.651 4.65895 -1.70306 0.677763
27.702 4.65987 -1.7034 0.677554
27.748 4.65988 -1.70339 0.677603
27.799 4.65987 -1.70339 0.67758
27.9 4.65895 -1.70303 0.677735
27.951 4.65896 -1.70301 0.677705
27.999 4.65896 -1.70302 0.67771
28.049 4.65988 -1.70335 0.677547
28.098 4.65988 -1.70337 0.677549
28.15 4.65988 -1.7034 0.677617
28.25 4.65987 -1.7034 0.677548
28.301 4.65988 -1.70339 0.677572
28.351 4.65896 -1.70302 0.677747
28.398 4.65895 -1.70306 0.677757
28.503 4.65893 -1.70308 0.677695
28.553 4.65896 -1.70304 0.677759
28.652 4.65894 -1.70307 0.677733
28.702 4.65894 -1.70306 0.677711
28.753 4.65894 -1.70306 0.677736
28.8 4.65896 -1.70301 0.677737
28.851 4.65894 -1.70307 0.677717
28.9 4.65894 -1.70306 0.677721
28.95 4.65895 -1.70305 0.677745
29 4.65895 -1.70306 0.677747
29.051 4.65895 -1.70304 0.677746
29.1 4.65986 -1.70341 0.677549
29.15 4.65897 -1.703 0.677736
29.25 4.65895 -1.70303 0.677711
29.3 4.65893 -1.70308 0.677718
29.35 4.65894 -1.70306 0.677724
29.4 4.65987 -1.7034 0.677568
29.451 4.65986 -1.70342 0.677547
29.501 4.65895 -1.70305 0.677713
29.553 4.65894 -1.70307 0.677758
29.598 4.65989 -1.70336 0.677595
29.701 4.65895 -1.70304 0.677712
29.752 4.65894 -1.70308 0.677751
29.798 4.65895 -1.70305 0.677766
29.852 4.65987 -1.70339 0.677547
29.902 4.65985 -1.70344 0.677547
30.002 4.65894 -1.70309 0.677755
30.053 4.65896 -1.70304 0.67776
30.102 4.65987 -1.7034 0.677548
30.153 4.65895 -1.70306 0.677733
30.201 4.65896 -1.70304 0.677759
30.252 4.65894 -1.70305 0.677717
30.302 4.65987 -1.70339 0.677539
30.351 4.65895 -1.70306 0.677755
30.452 4.65895 -1.70305 0.677758
30.502 4.65894 -1.70306 0.677703
30.549 4.65986 -1.70341 0.677551
30.599 4.65988 -1.70339 0.677587
30.652 4.65895 -1.70305 0.67776
30.752 4.65987 -1.7034 0.677569
30.798 4.65897 -1.70303 0.677806
30.85 4.65896 -1.70304 0.67779
30.899 4.65895 -1.70305 0.677781
30.948 4.65985 -1.70345 0.677568
30.998 4.65895 -1.70309 0.677828
31.051 4.65986 -1.7034 0.677546
31.101 4.65988 -1.7034 0.677641
31.149 4.65894 -1.70308 0.677767
31.199 4.65986 -1.70344 0.67758
31.251 4.65893 -1.70316 0.677826
31.35 4.65893 -1.70313 0.677807
31.399 4.65892 -1.70316 0.677836
31.45 4.65982 -1.70351 0.677513
31.499 4.65981 -1.70352 0.677474
31.55 4.65895 -1.70303 0.677688
31.6 4.65896 -1.70299 0.677671
31.651 4.65894 -1.70305 0.677686
31.751 4.65888 -1.70313 0.677535
31.799 4.65896 -1.70304 0.677755
31.852 4.6589 -1.70312 0.677628
31.902 4.65976 -1.70359 0.677319
31.951 4.65885 -1.70321 0.677535
32 4.65981 -1.70343 0.677311
32.052 4.65987 -1.70335 0.677446
32.1 4.65981 -1.70346 0.677322
32.151 4.65977 -1.70353 0.677265
32.251 4.65982 -1.70345 0.67739
32.3 4.65979 -1.70348 0.677285
32.351 4.65982 -1.70342 0.677314
32.4 4.65984 -1.70336 0.67734
32.5 4.65886 -1.70319 0.677503
32.553 4.65975 -1.70356 0.677236
32.598 4.65982 -1.70343 0.67733
32.652 4.65998 -1.70286 0.677104
32.7 4.65998 -1.70284 0.677035
32.75 4.65993 -1.70295 0.676991
32.8 4.65995 -1.70293 0.677042
32.851 4.65996 -1.70292 0.677065
32.953 4.65994 -1.70292 0.676997
33 4.65996 -1.70289 0.67701
33.05 4.66001 -1.70281 0.677111
33.101 4.65996 -1.7029 0.677063
33.15 4.65992 -1.70296 0.676944
33.251 4.65904 -1.70252 0.677188
33.301 4.65899 -1.70263 0.677125
33.35 4.65896 -1.70269 0.677082
33.398 4.65994 -1.70291 0.676943
33.45 4.65908 -1.70244 0.677247
33.5 4.65997 -1.70287 0.677013
33.55 4.65996 -1.70285 0.676926
33.599 4.65996 -1.70289 0.677012
33.7 4.65997 -1.70285 0.67698
33.751 4.65995 -1.7029 0.676997
33.799 4.65998 -1.70282 0.676988
33.849 4.65905 -1.70252 0.677211
33.899 4.65998 -1.70285 0.677053
33.999 4.65903 -1.70255 0.677194
34.052 4.65998 -1.70284 0.677053
34.102 4.66 -1.7028 0.67708
34.153 4.65999 -1.70285 0.677078
