0.00500011 0.0652229 -0.0207064 -0.0080546 0.712301 0.00770718 -0.0104993 -0.701753 0 0 0 
0.0550001 0.0655153 -0.00232841 0.0212129 0.421033 -0.583701 -0.567433 -0.400055 -0.000397364 -0.0131457 -0.358391 
0.105 0.0653489 -0.00302509 0.00166605 0.418645 -0.584067 -0.56787 -0.401405 -0.00473331 -0.00957694 -0.415065 
0.155 0.0648966 -0.00382883 -0.0205703 0.415942 -0.585704 -0.569277 -0.399834 -0.0143156 -0.0229065 -0.469823 
0.205 0.0640112 -0.00498516 -0.044769 0.413383 -0.587773 -0.570979 -0.397015 -0.0158721 -0.0239677 -0.505597 
0.255 0.0629881 -0.00634367 -0.0707884 0.41208 -0.590023 -0.571541 -0.394212 -0.0247833 -0.0380098 -0.540857 
0.305 0.0621171 -0.00813388 -0.0978405 0.411275 -0.591658 -0.57161 -0.3925 -0.00880408 -0.0311204 -0.530285 
0.355 0.0614281 -0.0096544 -0.123989 0.411776 -0.593381 -0.570836 -0.390495 -0.018515 -0.034362 -0.511412 
0.405 0.0605051 -0.0114528 -0.148916 0.412151 -0.594326 -0.570572 -0.389045 -0.0161543 -0.0318412 -0.480833 
0.455 0.0597028 -0.0130063 -0.172182 0.4117 -0.594941 -0.571159 -0.387719 -0.0168005 -0.0334267 -0.446658 
0.555 0.0576015 -0.0166139 -0.212642 0.407317 -0.595566 -0.575039 -0.385648 -0.0208929 -0.0461177 -0.364104 
0.605 0.056322 -0.0189692 -0.230221 0.404498 -0.597093 -0.577761 -0.38217 -0.0244277 -0.0467398 -0.334505 
0.655 0.0553175 -0.0211657 -0.245653 0.399763 -0.599178 -0.581367 -0.378401 -0.0191798 -0.0400701 -0.279626 
0.705 0.0542417 -0.0230379 -0.257635 0.395053 -0.60198 -0.584988 -0.373287 -0.0211914 -0.0320997 -0.192528 
0.805 0.052484 -0.0248614 -0.262737 0.387305 -0.607624 -0.590569 -0.363341 -0.0123908 -0.0077727 0.116182 
0.905 0.051281 -0.024051 -0.23364 0.387346 -0.608051 -0.591492 -0.361075 -0.0131839 0.0303207 0.445511 
0.955 0.0509618 -0.0220346 -0.208 0.387632 -0.606269 -0.590942 -0.364648 -0.00170295 0.0476026 0.573295 
1.005 0.0510976 -0.0191424 -0.176739 0.387755 -0.603647 -0.590222 -0.369994 0.00409 0.0698035 0.675934 
1.055 0.0512979 -0.0156387 -0.141137 0.387637 -0.601005 -0.588659 -0.376847 0.000774277 0.0657794 0.738606 
1.105 0.0513739 -0.0120331 -0.102782 0.387241 -0.59842 -0.586059 -0.385324 0.0030032 0.0761627 0.783263 
1.155 0.0512024 -0.00851201 -0.063913 0.386754 -0.595918 -0.583011 -0.394212 -0.0078888 0.0655453 0.770797 
1.205 0.0505082 -0.00538779 -0.0258197 0.388672 -0.592796 -0.580535 -0.400635 -0.0119436 0.0531589 0.741911 
1.255 0.0498452 -0.00289903 0.0100228 0.391757 -0.589336 -0.578803 -0.405216 -0.0191967 0.0490114 0.684136 
1.305 0.049094 -0.000525816 0.0433409 0.396099 -0.586752 -0.576337 -0.408248 -0.00519332 0.0455874 0.650395 
1.405 0.0492927 0.00387398 0.103163 0.404777 -0.583527 -0.56822 -0.415668 0.0136973 0.0318318 0.546602 
1.505 0.0510269 0.005723 0.150844 0.415496 -0.579189 -0.558918 -0.423695 0.0164516 -0.00354891 0.405414 
1.605 0.0520408 0.00376207 0.1771 0.421834 -0.573424 -0.554229 -0.431364 0.00991627 -0.0248777 0.100684 
1.805 0.054412 -0.000545041 0.128768 0.409379 -0.577099 -0.560804 -0.429962 -0.00154038 0.000432816 -0.564535 
1.905 0.0548018 -0.000163891 0.0663331 0.40607 -0.582999 -0.563459 -0.421587 0.0217433 -0.00127543 -0.682912 
2.005 0.0570873 -0.000656093 -0.00344637 0.405658 -0.58424 -0.56543 -0.417609 0.0174722 -0.0140664 -0.706226 
2.105 0.0577795 -0.00392671 -0.074355 0.407286 -0.584217 -0.56747 -0.413267 0.00391531 -0.0386719 -0.708152 
2.205 0.0570542 -0.00847504 -0.142351 0.402909 -0.590809 -0.56925 -0.405667 -0.0100849 -0.0417015 -0.644597 
2.255 0.0565785 -0.0102408 -0.173309 0.398329 -0.595735 -0.570335 -0.401441 -0.00710345 -0.0377343 -0.591202 
2.305 0.05584 -0.0122605 -0.200954 0.392686 -0.599533 -0.572988 -0.397551 -0.0204746 -0.0353851 -0.505325 
2.355 0.0547709 -0.0140161 -0.223515 0.387828 -0.602227 -0.576753 -0.392774 -0.0271306 -0.0376573 -0.388454 
2.405 0.0530523 -0.0157978 -0.239362 0.385037 -0.604599 -0.579798 -0.387355 -0.0373943 -0.0320166 -0.240392 
2.505 0.0499828 -0.0170241 -0.246779 0.380724 -0.606636 -0.584948 -0.380632 -0.0263468 0.0133659 0.105608 
2.605 0.0466898 -0.014783 -0.217855 0.382975 -0.60602 -0.584787 -0.379602 -0.0376381 0.0263346 0.449087 
2.655 0.0449798 -0.0134919 -0.192768 0.386546 -0.603456 -0.582854 -0.383025 -0.0308706 0.0284063 0.5573 
2.705 0.0435536 -0.0117761 -0.163341 0.390682 -0.600875 -0.579975 -0.387235 -0.0241515 0.0390268 0.6223 
2.755 0.0428264 -0.00974972 -0.131034 0.392597 -0.597814 -0.578224 -0.392616 -0.011547 0.0445011 0.666967 
2.805 0.0422776 -0.00762397 -0.0972534 0.394051 -0.596378 -0.575916 -0.396713 -0.00457818 0.0376912 0.676572 
2.855 0.0425165 -0.00575967 -0.0630376 0.392951 -0.595156 -0.575039 -0.40089 0.00772211 0.0371603 0.692994 
2.955 0.0439212 -0.00272539 0.00511582 0.393087 -0.595136 -0.571633 -0.40563 0.0267788 0.042026 0.675634 
3.055 0.04788 0.00200298 0.0716934 0.396096 -0.596521 -0.563855 -0.411514 0.0549233 0.0526607 0.661734 
3.105 0.0506182 0.00443978 0.104709 0.398049 -0.596973 -0.557996 -0.416924 0.0505096 0.0364423 0.639921 
3.155 0.0528813 0.00578164 0.135148 0.401737 -0.596311 -0.551972 -0.422318 0.0447116 0.0218664 0.581278 
3.255 0.0561628 0.00634763 0.183433 0.409066 -0.591067 -0.543482 -0.433517 0.0233393 -0.00831638 0.354124 
3.705 0.0609587 0.00833563 0.052251 0.405391 -0.586481 -0.551762 -0.432738 0.0133111 -0.00782927 -0.736044 
3.805 0.0631095 0.00742566 -0.0226382 0.401923 -0.587181 -0.556644 -0.428752 0.0229032 -0.00710232 -0.745939 
3.855 0.0642703 0.0071876 -0.0601898 0.397174 -0.589448 -0.558473 -0.427687 0.0281071 -0.0124889 -0.75054 
3.905 0.0645764 0.00614098 -0.0971445 0.39529 -0.592536 -0.561878 -0.420647 -0.00735408 -0.0265644 -0.721229 
3.955 0.0644985 0.00475864 -0.131912 0.392427 -0.598232 -0.564238 -0.41202 0.000798694 -0.030158 -0.665157 
4.005 0.0645483 0.00311674 -0.163848 0.389106 -0.604022 -0.567143 -0.402627 0.000736016 -0.036262 -0.611853 
4.055 0.064569 0.00103679 -0.192895 0.385007 -0.609336 -0.569353 -0.395375 0.000100034 -0.040261 -0.54796 
4.105 0.0644847 -0.00100062 -0.218951 0.38099 -0.612247 -0.572009 -0.390909 0.000948917 -0.0455687 -0.488871 
4.155 0.064574 -0.00331003 -0.241175 0.376572 -0.612725 -0.575509 -0.389302 -0.00453286 -0.0451706 -0.397419 
4.255 0.062564 -0.00804769 -0.269941 0.374537 -0.609825 -0.581804 -0.386451 -0.0351522 -0.0390996 -0.161377 
4.405 0.058043 -0.0091776 -0.261345 0.37886 -0.605878 -0.586099 -0.38193 -0.0183663 0.0277473 0.290205 
4.505 0.0566044 -0.00550676 -0.220058 0.379825 -0.604754 -0.586329 -0.382399 -0.012982 0.0445913 0.517308 
4.555 0.0560106 -0.0030607 -0.192722 0.380677 -0.604049 -0.585702 -0.383624 -0.00935788 0.0538948 0.576623 
4.605 0.0560591 0.000204106 -0.16178 0.3802 -0.603172 -0.585529 -0.385735 0.00917803 0.0849678 0.670135 
4.655 0.056799 0.0044556 -0.127106 0.377422 -0.602223 -0.585349 -0.390194 0.0120455 0.0803306 0.697351 
4.705 0.0575597 0.00871243 -0.091401 0.376247 -0.600822 -0.584294 -0.39504 0.015843 0.0789746 0.720975 
4.755 0.0579473 0.012459 -0.0546359 0.377497 -0.599096 -0.582158 -0.399596 0.00149619 0.0709782 0.742798 
4.805 0.0582626 0.0160546 -0.0174034 0.38056 -0.597732 -0.578155 -0.404514 0.0121866 0.0710446 0.748881 
4.855 0.0587192 0.0194286 0.0201491 0.38429 -0.595698 -0.573375 -0.410746 0.00769943 0.0608068 0.748782 
4.905 0.0591225 0.022054 0.0568065 0.388305 -0.593709 -0.567048 -0.418558 0.00872606 0.0419178 0.72115 
4.955 0.0594006 0.0235179 0.09182 0.392557 -0.590583 -0.561347 -0.426621 0.00282789 0.0180018 0.671119 
5.005 0.0595496 0.0241767 0.123861 0.396139 -0.588329 -0.555313 -0.434254 -0.000112848 0.0178954 0.605733 
5.105 0.0583646 0.0242274 0.176609 0.403886 -0.584457 -0.546475 -0.443459 -0.0174566 0.000516121 0.426524 
5.505 0.0582764 0.0345329 0.131182 0.394998 -0.594684 -0.540656 -0.444999 0.024786 0.071505 -0.521906 
5.655 0.062514 0.0431894 0.047967 0.3838 -0.595222 -0.54782 -0.445317 0.0196769 0.0467227 -0.562478 
5.755 0.0634749 0.0438713 -0.00755521 0.380619 -0.595404 -0.556077 -0.437501 0.0122785 -0.0272166 -0.524749 
5.805 0.0636227 0.0411427 -0.0328396 0.380494 -0.595014 -0.561409 -0.431287 -0.00133726 -0.0763188 -0.481162 
5.855 0.0633593 0.0368384 -0.0552805 0.38131 -0.595074 -0.566329 -0.423989 -0.00901607 -0.0901673 -0.416358 
5.905 0.0628801 0.0321133 -0.0738047 0.38242 -0.596497 -0.570374 -0.415482 -0.00969897 -0.114669 -0.319545 
5.955 0.0622695 0.0262154 -0.0881832 0.383327 -0.598523 -0.574066 -0.406552 -0.00387488 -0.115479 -0.247493 
6.055 0.061422 0.0155537 -0.105047 0.382496 -0.605279 -0.579419 -0.389376 -0.0138941 -0.117531 -0.10613 
6.155 0.0601744 0.0049485 -0.109605 0.378053 -0.613539 -0.584969 -0.372105 -0.0121624 -0.101354 -0.0108669 
6.255 0.0596561 -0.00285936 -0.108971 0.364585 -0.625997 -0.588891 -0.358356 -0.00419926 -0.066471 0.0206573 
6.305 0.0596913 -0.00582298 -0.107724 0.35347 -0.63352 -0.590057 -0.35433 -0.00183674 -0.0572556 0.0293079 
6.405 0.0564692 -0.0117321 -0.103239 0.335873 -0.647956 -0.589341 -0.346449 -0.045436 -0.0550736 0.0524003 
6.505 0.0517009 -0.0189009 -0.098773 0.324667 -0.657433 -0.591654 -0.335149 -0.0351022 -0.0810942 0.0373508 
6.605 0.0491571 -0.028182 -0.0958473 0.313177 -0.667502 -0.594363 -0.321093 -0.012069 -0.10169 0.0219935 
6.705 0.0486519 -0.0394172 -0.0941505 0.301605 -0.675866 -0.598219 -0.307211 0.0131682 -0.113178 0.0220704 
6.805 0.0518155 -0.0492512 -0.0911961 0.292413 -0.6791 -0.604206 -0.297084 0.0523292 -0.0765568 0.0408437 
7.055 0.0725674 -0.051951 -0.0816187 0.300765 -0.675484 -0.603997 -0.297413 0.093784 0.0367869 0.0140992 
7.255 0.0800655 -0.0426896 -0.0821121 0.308364 -0.665553 -0.60844 -0.302916 0.0162004 0.0596007 0.0014994 
7.555 0.102438 -0.0255077 -0.0831947 0.303128 -0.665069 -0.614094 -0.297813 0.174177 0.0607369 -0.0093302 
7.655 0.1229 -0.0192409 -0.0838032 0.301518 -0.667638 -0.612202 -0.297594 0.237126 0.0554392 -0.00861922 
7.755 0.149685 -0.014509 -0.0843417 0.300747 -0.67123 -0.609477 -0.295881 0.301184 0.036022 -0.00451292 
7.855 0.182541 -0.0111363 -0.084181 0.300393 -0.674361 -0.605822 -0.296627 0.351394 0.0326125 0.0108228 
7.905 0.200498 -0.00925932 -0.0835237 0.301187 -0.675465 -0.603051 -0.298946 0.367269 0.0449293 0.0133153 
7.955 0.219033 -0.00700448 -0.0825647 0.3026 -0.676792 -0.599248 -0.30215 0.402158 0.0503736 0.022407 
8.005 0.239156 -0.00462552 -0.0815985 0.304309 -0.678627 -0.594718 -0.305254 0.401627 0.0400594 0.0174624 
8.055 0.259136 -0.0027459 -0.0809951 0.304882 -0.680235 -0.5908 -0.308691 0.395698 0.0337916 0.00457044 
8.105 0.278658 -0.00131689 -0.0812885 0.304488 -0.682452 -0.587565 -0.310355 0.383695 0.0239391 -0.0172245 
8.155 0.297498 -0.000391409 -0.082521 0.302296 -0.684776 -0.585663 -0.310973 0.367126 0.012833 -0.0303316 
8.205 0.315486 5.70531e-05 -0.0843628 0.297678 -0.688208 -0.584094 -0.310803 0.349046 0.00513315 -0.0396704 
8.255 0.332353 0.000202532 -0.086372 0.291027 -0.692056 -0.583273 -0.3101 0.322943 0.00377068 -0.045579 
8.305 0.347379 0.000541449 -0.0888555 0.286299 -0.696246 -0.581594 -0.308268 0.275016 0.00930384 -0.0509 
8.405 0.371697 0.00126072 -0.0937649 0.282046 -0.699113 -0.581731 -0.30543 0.208432 0.00962123 -0.0467593 
8.955 0.354671 -0.0063106 -0.0948995 0.28998 -0.696315 -0.581223 -0.305359 -0.26086 -0.0486042 0.016802 
9.055 0.326251 -0.0105193 -0.0940582 0.29047 -0.694285 -0.585596 -0.301131 -0.311628 -0.033625 0.00208819 
9.155 0.291194 -0.0136024 -0.0934028 0.293369 -0.692086 -0.588692 -0.297321 -0.37963 -0.0355921 0.0155345 
9.205 0.271539 -0.0153921 -0.0922147 0.295328 -0.690202 -0.59042 -0.296333 -0.405461 -0.0357786 0.0307484 
9.255 0.250767 -0.0174428 -0.090416 0.298056 -0.687711 -0.592128 -0.295985 -0.425997 -0.0463133 0.0439186 
9.305 0.229098 -0.0199235 -0.0879487 0.301177 -0.684807 -0.593781 -0.296247 -0.437891 -0.0512912 0.0519701 
9.355 0.206791 -0.0223266 -0.084966 0.303979 -0.681533 -0.595787 -0.296907 -0.456587 -0.0452121 0.0663758 
9.405 0.183563 -0.02451 -0.0816153 0.30659 -0.679098 -0.596966 -0.297433 -0.472686 -0.0433831 0.0652132 
9.455 0.159343 -0.0266043 -0.0783292 0.308455 -0.677305 -0.598168 -0.297177 -0.495551 -0.0414643 0.064058 
9.505 0.13446 -0.0288215 -0.0756247 0.309204 -0.675976 -0.599828 -0.296077 -0.498502 -0.044118 0.0472062 
9.555 0.109245 -0.0308801 -0.0735877 0.30916 -0.67415 -0.602709 -0.29443 -0.510194 -0.0418018 0.0287912 
9.605 0.0836269 -0.0329981 -0.0726767 0.308798 -0.673022 -0.605375 -0.291912 -0.510293 -0.036595 0.0154784 
9.655 0.058281 -0.0345932 -0.0719804 0.308007 -0.671557 -0.608303 -0.290029 -0.50428 -0.0319446 0.0106299 
9.705 0.0330338 -0.0362217 -0.0713554 0.307574 -0.670072 -0.610299 -0.289728 -0.506734 -0.033997 0.00976417 
9.755 0.00752368 -0.0379861 -0.071148 0.308529 -0.668973 -0.611061 -0.289648 -0.512651 -0.0379276 0.00427042 
9.805 -0.0180641 -0.0400574 -0.0710062 0.310171 -0.667575 -0.611848 -0.289456 -0.509005 -0.0424758 -0.00303251 
9.855 -0.0432649 -0.0420261 -0.0710786 0.311129 -0.665905 -0.612903 -0.290042 -0.505159 -0.0327765 -0.000440599 
9.905 -0.0684698 -0.0438 -0.0713344 0.312194 -0.664259 -0.614026 -0.290298 -0.467838 -0.0331055 -0.0121432 
9.955 -0.0916397 -0.0454659 -0.0719454 0.313033 -0.66284 -0.615224 -0.290103 -0.446117 -0.0264533 -0.0155905 
10.005 -0.113709 -0.0467909 -0.0732572 0.314752 -0.661124 -0.6172 -0.287953 -0.431054 -0.0277087 -0.0345147 
10.055 -0.134445 -0.0480384 -0.0751222 0.315461 -0.659529 -0.620103 -0.284578 -0.398313 -0.0243532 -0.0439155 
10.105 -0.153509 -0.0492736 -0.0773709 0.315205 -0.658235 -0.623455 -0.280507 -0.365304 -0.0222776 -0.0439307 
10.155 -0.171107 -0.0503504 -0.0798568 0.315451 -0.65688 -0.626693 -0.276155 -0.338991 -0.0243037 -0.0528513 
10.205 -0.187325 -0.051428 -0.0821903 0.317155 -0.655629 -0.628969 -0.271971 -0.311578 -0.0204222 -0.0436397 
10.255 -0.202006 -0.0525046 -0.0840143 0.319965 -0.653518 -0.630715 -0.269709 -0.269176 -0.0193449 -0.0203323 
10.355 -0.224199 -0.0541572 -0.0842446 0.32686 -0.648451 -0.632027 -0.270596 -0.171611 -0.0114657 0.00821208 
10.705 -0.206825 -0.0617648 -0.0775245 0.325081 -0.647404 -0.630946 -0.277677 0.25721 -0.0307831 0.0377347 
10.805 -0.17716 -0.0648654 -0.0733412 0.322084 -0.649004 -0.627998 -0.284044 0.333556 -0.0301877 0.0471491 
10.855 -0.159832 -0.066335 -0.0711755 0.321185 -0.649719 -0.626422 -0.286894 0.360237 -0.0279547 0.035421 
10.905 -0.1412 -0.0675202 -0.0696035 0.319786 -0.651408 -0.62434 -0.289155 0.383477 -0.0207702 0.0252567 
10.955 -0.121427 -0.0684425 -0.0686162 0.317879 -0.653332 -0.622624 -0.290612 0.405696 -0.015856 0.0100246 
11.005 -0.100946 -0.0689394 -0.0685057 0.315703 -0.656054 -0.620664 -0.291047 0.405817 -0.00449894 -0.0038503 
11.055 -0.0801529 -0.0689772 -0.0690417 0.313927 -0.658962 -0.619332 -0.289229 0.426425 0.0061388 -0.0201693 
11.105 -0.0584038 -0.0685019 -0.0702011 0.311853 -0.662215 -0.617883 -0.287135 0.443403 0.0105518 -0.024533 
11.155 -0.0357842 -0.0677644 -0.0713321 0.309612 -0.664611 -0.616976 -0.285973 0.462908 0.0190928 -0.023152 
11.205 -0.0126438 -0.0669261 -0.0725862 0.307806 -0.666123 -0.616153 -0.286178 0.463946 0.0171201 -0.0287295 
11.255 0.0103238 -0.065638 -0.0739289 0.307636 -0.666713 -0.615474 -0.286447 0.452744 0.0313667 -0.0233347 
11.355 0.0545737 -0.0623355 -0.0760373 0.310026 -0.666884 -0.614246 -0.28611 0.4332 0.037857 -0.0172451 
11.455 0.0961352 -0.0585758 -0.0781913 0.310141 -0.668864 -0.612309 -0.285515 0.400893 0.0383436 -0.0279305 
11.555 0.132949 -0.0550641 -0.0823377 0.30741 -0.671509 -0.610961 -0.285147 0.333058 0.036988 -0.0495551 
11.655 0.161521 -0.0517102 -0.0884111 0.304424 -0.675221 -0.608201 -0.285486 0.236401 0.0392056 -0.0756262 
11.755 0.182425 -0.0468702 -0.0962614 0.303508 -0.677468 -0.605222 -0.287461 0.191763 0.0556967 -0.0751066 
11.855 0.19931 -0.0403588 -0.103583 0.301852 -0.680896 -0.595463 -0.301161 0.143223 0.07763 -0.0709273 
11.905 0.205262 -0.0366229 -0.106742 0.303718 -0.680999 -0.589359 -0.310902 0.0962958 0.0657314 -0.059216 
11.955 0.209431 -0.0333548 -0.109037 0.306537 -0.679354 -0.584273 -0.321164 0.0750766 0.0649507 -0.0313948 
12.005 0.212929 -0.0302257 -0.110026 0.309094 -0.677446 -0.579241 -0.331686 0.0654293 0.0620681 -0.00745167 
12.055 0.216121 -0.0270338 -0.10991 0.311854 -0.675994 -0.573403 -0.342047 0.05847 0.0622595 0.00904743 
12.155 0.221964 -0.020824 -0.10884 0.315285 -0.675791 -0.563277 -0.35585 0.0562123 0.0642273 0.00779078 
12.255 0.229836 -0.0127355 -0.10898 0.311323 -0.683449 -0.556315 -0.355665 0.109035 0.109505 -0.0120418 
12.355 0.24248 0.00166794 -0.110511 0.303843 -0.694037 -0.548672 -0.353495 0.139283 0.167554 -0.0205097 
12.455 0.256753 0.020552 -0.112656 0.296 -0.703122 -0.543737 -0.349803 0.140642 0.207861 -0.0166599 
12.605 0.272285 0.0572702 -0.1141 0.290586 -0.709511 -0.544688 -0.33982 0.0544595 0.284336 -0.00627795 
12.705 0.273075 0.0883179 -0.113588 0.294644 -0.707015 -0.550045 -0.332826 -0.0407925 0.331598 0.0141611 
12.755 0.269848 0.105249 -0.112648 0.299679 -0.702493 -0.553815 -0.331651 -0.0871705 0.344861 0.0224389 
12.805 0.264202 0.122462 -0.111774 0.305659 -0.696395 -0.557996 -0.332048 -0.141432 0.341874 0.0109547 
12.855 0.256264 0.139544 -0.111278 0.311985 -0.689044 -0.563272 -0.332589 -0.174285 0.34113 0.00716554 
12.905 0.246203 0.156231 -0.111351 0.317144 -0.681643 -0.569167 -0.332925 -0.227632 0.326817 -0.00482722 
12.955 0.233809 0.172098 -0.111461 0.321842 -0.674653 -0.575655 -0.331497 -0.271061 0.305247 -0.00620879 
13.005 0.218445 0.186692 -0.11203 0.327256 -0.667467 -0.58321 -0.327514 -0.341437 0.277738 -0.00732995 
13.055 0.199988 0.199473 -0.112409 0.333112 -0.660432 -0.591177 -0.321533 -0.399352 0.228109 -0.0162813 
13.105 0.178242 0.209432 -0.113623 0.339457 -0.653449 -0.599764 -0.313153 -0.463154 0.170415 -0.028933 
13.155 0.154142 0.216362 -0.115143 0.344559 -0.646406 -0.608858 -0.30453 -0.500979 0.10288 -0.0286893 
13.205 0.12784 0.219857 -0.116303 0.34932 -0.639459 -0.61782 -0.295591 -0.546962 0.0343953 -0.0229601 
13.255 0.0993018 0.219372 -0.11746 0.354204 -0.632005 -0.6269 -0.286555 -0.591115 -0.0480683 -0.0217784 
13.305 0.0693414 0.215499 -0.118281 0.358509 -0.624538 -0.63558 -0.278334 -0.613168 -0.112626 -0.0156014 
13.355 0.0383527 0.207758 -0.118722 0.362118 -0.61679 -0.64394 -0.271643 -0.63163 -0.198681 -0.00311339 
13.405 0.00693798 0.196176 -0.118723 0.367476 -0.609741 -0.650608 -0.264374 -0.618138 -0.259486 0.00588259 
13.455 -0.0237487 0.181823 -0.11801 0.37298 -0.60454 -0.655036 -0.257593 -0.609535 -0.317521 0.0198916 
13.505 -0.0530483 0.164394 -0.117123 0.378922 -0.600045 -0.658634 -0.250147 -0.556106 -0.374501 0.0144852 
13.555 -0.0791293 0.14517 -0.116364 0.381587 -0.59701 -0.661979 -0.244464 -0.483461 -0.397732 0.0143158 
13.605 -0.101093 0.124187 -0.116035 0.3818 -0.594854 -0.665079 -0.240945 -0.397039 -0.44004 -0.00423704 
13.655 -0.118731 0.101741 -0.11655 0.381327 -0.593953 -0.667 -0.238598 -0.301121 -0.456805 -0.0165316 
13.755 -0.138566 0.0543819 -0.119764 0.376704 -0.596075 -0.667488 -0.239281 -0.105624 -0.479746 -0.0498441 
13.855 -0.140925 0.00712479 -0.125641 0.370362 -0.605927 -0.662339 -0.238748 0.0610278 -0.465563 -0.0704519 
13.905 -0.135952 -0.015911 -0.129086 0.366233 -0.613695 -0.657895 -0.23756 0.141884 -0.458405 -0.0693165 
13.955 -0.126691 -0.038405 -0.13256 0.36008 -0.62269 -0.652539 -0.238329 0.22529 -0.43519 -0.0662312 
14.005 -0.113575 -0.059601 -0.135584 0.353856 -0.633636 -0.644393 -0.240951 0.300282 -0.419177 -0.0587531 
14.055 -0.0968162 -0.0798811 -0.138252 0.347341 -0.644818 -0.63456 -0.246789 0.366968 -0.385408 -0.0442316 
14.105 -0.0770025 -0.0981737 -0.140008 0.342064 -0.656154 -0.62237 -0.255183 0.422075 -0.347908 -0.0292118 
14.155 -0.0547902 -0.114586 -0.140991 0.337311 -0.66708 -0.608734 -0.265851 0.467053 -0.306467 -0.01083 
14.205 -0.0304502 -0.128884 -0.141238 0.332371 -0.677299 -0.594496 -0.278171 0.505571 -0.266562 0.00306066 
14.255 -0.0043331 -0.140803 -0.140719 0.327023 -0.686667 -0.580811 -0.290192 0.537252 -0.206687 0.0120788 
14.305 0.0229232 -0.149685 -0.139996 0.320444 -0.696209 -0.567297 -0.301316 0.549891 -0.144831 0.0173315 
14.355 0.0505305 -0.154991 -0.13943 0.314111 -0.70527 -0.554971 -0.30975 0.555591 -0.0665258 0.00288908 
14.405 0.0785976 -0.156276 -0.139434 0.307042 -0.714182 -0.543834 -0.316105 0.565563 0.0146317 -0.00410089 
14.455 0.106887 -0.153583 -0.139876 0.299694 -0.721304 -0.53529 -0.321523 0.557315 0.0992419 -0.0164527 
14.505 0.134932 -0.146543 -0.140904 0.293117 -0.727222 -0.528128 -0.326067 0.560488 0.179064 -0.0224156 
14.555 0.163008 -0.135543 -0.141608 0.286744 -0.730938 -0.523317 -0.331145 0.561161 0.259983 -0.00777927 
14.605 0.190875 -0.121025 -0.142125 0.28148 -0.73328 -0.519891 -0.335845 0.554352 0.323577 -0.00791429 
14.655 0.218262 -0.103111 -0.14214 0.278164 -0.733879 -0.517465 -0.341006 0.537458 0.385352 0.00113708 
14.705 0.244124 -0.0828943 -0.142139 0.276985 -0.732269 -0.516375 -0.347027 0.499526 0.425823 0.00215527 
14.755 0.267673 -0.0608864 -0.142086 0.278002 -0.729418 -0.5159 -0.352874 0.434009 0.453338 -0.00125306 
14.805 0.287146 -0.0374379 -0.141955 0.281569 -0.7277 -0.513432 -0.357167 0.341616 0.473972 0.00095102 
14.855 0.301757 -0.0139642 -0.14191 0.285122 -0.72591 -0.512353 -0.359532 0.238969 0.469821 0.00414367 
14.955 0.312881 0.0324845 -0.141744 0.292143 -0.722181 -0.512491 -0.361206 -0.0178626 0.457331 -0.00430934 
15.005 0.308614 0.0548498 -0.142524 0.296541 -0.718422 -0.51598 -0.360149 -0.149836 0.435664 -0.0258509 
15.055 0.297648 0.076437 -0.144172 0.302421 -0.71228 -0.52245 -0.358124 -0.28603 0.424135 -0.0361911 
15.105 0.280422 0.0966271 -0.145953 0.308508 -0.705132 -0.530152 -0.355752 -0.4068 0.383724 -0.0337081 
15.155 0.257007 0.114588 -0.14758 0.31525 -0.695642 -0.540412 -0.353077 -0.528036 0.33063 -0.0303672 
15.205 0.227965 0.129547 -0.149054 0.322731 -0.684677 -0.552435 -0.349121 -0.633649 0.267236 -0.0294996 
15.255 0.193802 0.141017 -0.150382 0.332711 -0.673072 -0.565117 -0.341948 -0.724469 0.190899 -0.024022 
15.305 0.156406 0.14881 -0.151805 0.340954 -0.661102 -0.578954 -0.333939 -0.778981 0.121323 -0.0340257 
15.355 0.117237 0.153155 -0.15353 0.348323 -0.650208 -0.592227 -0.32431 -0.775512 0.0554162 -0.0343839 
15.405 0.0786879 0.154405 -0.155381 0.355035 -0.640031 -0.60459 -0.314309 -0.759476 -0.00632749 -0.0407583 
15.455 0.0417827 0.152329 -0.157214 0.362244 -0.630988 -0.615375 -0.303241 -0.709687 -0.0713831 -0.0309105 
15.505 0.00801208 0.14724 -0.158947 0.368635 -0.622178 -0.625395 -0.293075 -0.636591 -0.133714 -0.0406855 
15.555 -0.0215624 0.138982 -0.160659 0.373809 -0.614542 -0.634128 -0.283718 -0.543903 -0.194371 -0.0265332 
15.605 -0.0460031 0.127981 -0.161964 0.377038 -0.607736 -0.641412 -0.277666 -0.428898 -0.241628 -0.0268047 
15.655 -0.0643395 0.115116 -0.163054 0.379624 -0.603656 -0.645816 -0.272789 -0.303474 -0.272358 -0.0147714 
15.705 -0.0760129 0.100648 -0.163738 0.380842 -0.600662 -0.649308 -0.269392 -0.158837 -0.298427 -0.0164394 
15.805 -0.078626 0.0694732 -0.165585 0.379689 -0.599283 -0.653279 -0.264444 0.107088 -0.32993 -0.0205699 
15.905 -0.0558674 0.0360402 -0.168582 0.373882 -0.602548 -0.653505 -0.264739 0.336165 -0.335878 -0.0352762 
15.955 -0.0367693 0.01957 -0.170604 0.369715 -0.60707 -0.650432 -0.267813 0.428797 -0.325329 -0.0482197 
16.005 -0.0132908 0.00331514 -0.173167 0.363684 -0.611724 -0.647055 -0.273597 0.49453 -0.330345 -0.0456089 
16.055 0.0127699 -0.012682 -0.175634 0.356159 -0.61911 -0.640663 -0.281803 0.541106 -0.298187 -0.0602887 
16.105 0.0401178 -0.0277417 -0.178806 0.348559 -0.626878 -0.633464 -0.290279 0.549491 -0.301123 -0.0653588 
16.155 0.0676658 -0.0425652 -0.182169 0.341098 -0.636275 -0.62462 -0.297762 0.549155 -0.294466 -0.06871 
16.205 0.0940633 -0.0577117 -0.185096 0.333186 -0.645853 -0.615845 -0.30431 0.50297 -0.313052 -0.0488613 
16.255 0.117789 -0.0739976 -0.187536 0.324351 -0.655139 -0.607881 -0.309962 0.451515 -0.347297 -0.0421458 
16.305 0.137752 -0.0917169 -0.189249 0.315993 -0.664767 -0.599323 -0.314728 0.339451 -0.35736 -0.0299807 
16.355 0.151638 -0.10977 -0.190598 0.309573 -0.673458 -0.591204 -0.317969 0.213626 -0.363558 -0.0186719 
16.405 0.158915 -0.127688 -0.190789 0.305392 -0.679925 -0.584814 -0.320058 0.0811627 -0.344524 0.00616213 
16.505 0.152213 -0.161912 -0.187385 0.304199 -0.686814 -0.575986 -0.322486 -0.194628 -0.330546 0.0625802 
16.605 0.123494 -0.196668 -0.178318 0.307113 -0.688637 -0.570906 -0.324861 -0.363118 -0.373945 0.113528 
16.705 0.0843904 -0.234196 -0.166376 0.309436 -0.685119 -0.57123 -0.329493 -0.404843 -0.367279 0.109033 
16.805 0.0458913 -0.26694 -0.156028 0.311371 -0.678863 -0.575039 -0.333963 -0.362205 -0.289452 0.0836873 
16.905 0.014139 -0.290342 -0.14941 0.310041 -0.677683 -0.577177 -0.333908 -0.264345 -0.171114 0.0422826 
17.055 -0.00829867 -0.295475 -0.147748 0.309934 -0.673664 -0.581121 -0.335298 -0.0321896 0.123001 -0.0137177 
17.155 -0.00467738 -0.272098 -0.149469 0.310413 -0.669099 -0.582428 -0.341667 0.0926323 0.33847 -0.0265505 
17.255 0.00917488 -0.229065 -0.152185 0.306137 -0.668679 -0.584345 -0.343069 0.166115 0.505812 -0.0339827 
17.355 0.0280036 -0.173194 -0.155821 0.300256 -0.67095 -0.589749 -0.334479 0.194986 0.611473 -0.0279182 
17.455 0.0484724 -0.10863 -0.156039 0.300361 -0.667095 -0.599398 -0.324805 0.205122 0.678043 0.0322669 
17.505 0.0581991 -0.0745286 -0.153646 0.302846 -0.66275 -0.604303 -0.322295 0.182882 0.685135 0.057522 
17.555 0.0667848 -0.040187 -0.150985 0.306291 -0.65708 -0.609364 -0.321114 0.15186 0.69168 0.0548201 
17.605 0.0735097 -0.00541684 -0.147911 0.311098 -0.651403 -0.613731 -0.31974 0.122296 0.693025 0.057942 
17.655 0.078827 0.0284602 -0.145459 0.314594 -0.644534 -0.619337 -0.31943 0.0841968 0.662032 0.0446289 
17.705 0.0818494 0.060526 -0.143371 0.318854 -0.638054 -0.624736 -0.317698 0.0397841 0.609726 0.0363861 
17.755 0.0823825 0.0890448 -0.141898 0.32325 -0.63022 -0.631219 -0.316075 -0.0196579 0.529499 0.0200231 
17.805 0.079971 0.113126 -0.141353 0.330224 -0.622956 -0.636374 -0.312912 -0.0738926 0.431309 0.00511873 
17.855 0.074508 0.131667 -0.141407 0.339006 -0.615531 -0.640802 -0.309156 -0.143319 0.308773 -0.00895865 
17.905 0.0660983 0.143935 -0.142208 0.348243 -0.608161 -0.644733 -0.305278 -0.19267 0.18247 -0.0204313 
17.955 0.055385 0.150155 -0.143236 0.356974 -0.601006 -0.64824 -0.30192 -0.232696 0.0648467 -0.0215469 
18.005 0.0431746 0.150299 -0.144277 0.363806 -0.594412 -0.651351 -0.300116 -0.25285 -0.0561686 -0.0187462 
18.055 0.0306055 0.144849 -0.145203 0.369459 -0.588652 -0.653826 -0.299181 -0.245857 -0.161297 -0.0209252 
18.105 0.0190859 0.134558 -0.146341 0.372408 -0.583446 -0.656618 -0.299606 -0.21539 -0.245457 -0.0232622 
18.155 0.00893822 0.120114 -0.147656 0.374228 -0.578418 -0.660019 -0.299615 -0.186558 -0.323579 -0.0312994 
18.255 -0.00634564 0.0829069 -0.151428 0.372329 -0.572988 -0.666399 -0.298291 -0.121211 -0.41705 -0.0451013 
18.305 -0.0115501 0.0615624 -0.154341 0.369967 -0.573273 -0.668472 -0.296037 -0.0854316 -0.440217 -0.0705322 
18.355 -0.0151192 0.0391693 -0.158079 0.367033 -0.575452 -0.670149 -0.291636 -0.0546215 -0.448285 -0.0782012 
18.405 -0.0165702 0.0171736 -0.162505 0.361489 -0.578539 -0.672149 -0.287827 -0.00061132 -0.429025 -0.0970401 
18.455 -0.0159191 -0.0033095 -0.168067 0.354155 -0.582576 -0.674359 -0.2836 0.0275064 -0.384524 -0.121529 
18.505 -0.0136927 -0.0209634 -0.174625 0.345885 -0.585727 -0.677507 -0.279787 0.0623899 -0.315838 -0.140334 
18.555 -0.0100462 -0.0346373 -0.181719 0.339497 -0.58927 -0.67874 -0.277172 0.0860509 -0.231453 -0.142421 
18.605 -0.00503509 -0.0436196 -0.188841 0.333642 -0.591322 -0.679819 -0.277265 0.109335 -0.128419 -0.148576 
18.705 0.00684285 -0.0464076 -0.204171 0.328123 -0.593697 -0.678943 -0.280902 0.126234 0.0762576 -0.152453 
18.855 0.0248544 -0.0152402 -0.223772 0.340872 -0.586486 -0.676123 -0.28759 0.112253 0.307859 -0.115621 
18.955 0.0353263 0.0185702 -0.236924 0.358102 -0.576263 -0.674026 -0.292204 0.0824026 0.355747 -0.147552 
19.005 0.0395382 0.0363581 -0.244924 0.368596 -0.569949 -0.672616 -0.294778 0.0861969 0.352944 -0.175193 
19.105 0.0478153 0.0697782 -0.264699 0.389181 -0.559179 -0.666559 -0.3026 0.076794 0.317556 -0.220339 
19.205 0.0553878 0.0991475 -0.287438 0.402238 -0.552687 -0.659285 -0.313203 0.0661793 0.25634 -0.232481 
19.305 0.0606729 0.121491 -0.308661 0.414254 -0.5464 -0.653605 -0.320394 0.0333963 0.185339 -0.183151 
19.405 0.0638144 0.137521 -0.323378 0.434101 -0.537308 -0.645148 -0.326582 0.0264631 0.134947 -0.103548 
19.455 0.065052 0.144497 -0.328172 0.444017 -0.531051 -0.638884 -0.335672 0.019522 0.142465 -0.0892538 
19.505 0.0657957 0.151254 -0.332355 0.454593 -0.52638 -0.631059 -0.343582 0.0143241 0.124763 -0.0806874 
19.605 0.0670848 0.162911 -0.340682 0.468731 -0.520123 -0.618753 -0.356262 0.0125365 0.108672 -0.093386 
19.755 0.0686129 0.176288 -0.35558 0.466373 -0.521674 -0.612392 -0.367891 0.00931042 0.0678136 -0.0984474 
19.855 0.0697433 0.181355 -0.36508 0.460705 -0.52867 -0.610842 -0.367623 0.0187288 0.0371691 -0.0918141 
20.005 0.0735837 0.183995 -0.373008 0.46513 -0.526155 -0.607208 -0.371656 0.0279028 0.0038453 0.00139086 
20.105 0.075517 0.183466 -0.373402 0.474331 -0.521031 -0.600263 -0.378467 0.0121018 -0.0221387 -0.0124781 
20.805 0.0794135 0.181415 -0.37598 0.482098 -0.524 -0.593227 -0.375636 0.00533835 0.00558878 0.00465937 
29.755 0.0793642 0.181278 -0.376091 0.482378 -0.524464 -0.592847 -0.375229 0.000591451 -0.000674615 0.000314498 
